natives_mesoamerican = {
	graphical_culture = southamericagfx
	color = { 255  0  0 }
	icon = 1
	
	unit = native_indian_archer
	provinces = {
		#Mesoamerica
		834 835 836 837 838 839 840 841 843 846
		842 844 845 847 848 849 850 851 852 853
		854 855 856 857 858 859 860 861 862 863
		879 880 882 883 884 1418 1463 1467 1468
		1469 1470 1471 1472 1473 1709 1710 1711
		1734 2200 2201 2202 2203 2204 2205 2206
		2207 2208 2209 864 1474
		481 482 483 484 485 486 487 488 489 490
		491 492 493 494 495 496 497 498 499 500
		501 502 1536 1537 1538 1539 1540 2402
		2403 2404 2405 2406 2407 2408 2409 2410
		2411 2412 2413 2414 2415 2416 2591 2592
		2593 2594 2595 2596 2597 2598 2599 2600
		2601 2602 2603 2604 2638 2639 2640 2641
		2642 2643 2644 2645 2646 2647 2648
	}
}

natives_african = {
	graphical_culture = africangfx
	color = { 180  180  80 }
	icon = 2
	
	unit = african_spearmen
	provinces = {
		#central africa
		1098 1136 1138 1139 1140 1141 1142 1143
		1144 1145 1146 1150 1151 1152 1153 1154
		1155 1157 1178 1179 1182 1183 1504 1505
		1561 1562
		#east africa
		1180 1181 1186 1187
		1188 1189 1190 1191 1192 1193 1194 1195
		1196 1197 1198 1199 1200 1201 1202 1203
		1204 1205 1206 1207 1209 1215 1216 1217
		1218 1219 1224 1226 1227 1228 1492 1507
		1518 1519 1521 1527 1528 1564 1565 1566
		1567 1568 1569 1570 1571 1572 1573 1574
		1575 1576 1577 1578 1579 2352 2503 2544
		2650
		#south africa
		1156 1158 1159 1160 1161 1162 1163 1164
		1165 1166 1167 1168 1169 1170 1171 1172
		1173 1174 1175 1176 1177 1184 1506 1580
		1581 1582 1583 1584 1586
		#west africa
		342 345 346 348 1096 1105 1110 1111 1112 1113
		1114 1115 1116 1117 1118 1119 1120 1121
		1122 1123 1124 1125 1126 1127 1128 1129
		1130 1131 1132 1133 1134 1135 1137
		1147 1148 1149 1229
		1220 1221 1222 1223 1225 1340 1495 1496
		1497 1498 1499 1500 1501 1502 1503 1516
		1525 1541 1542 1543 1544 1545 1546 1547
		1548 1549 1550 1551 1552 1553 1554 1555
		1556 1557 1558 1559 1560 1563 1585 2218 2316
		2666 2667 2758 2759 2760 2761 2762 2763 2764
		2765 2766 2767 2768 2769 2770 2777 2778 2779
		2780 2781 2786 2787 2788 2789 2790 2791 2792
		2793 2794
	}
}

natives_indonesian = {
	graphical_culture = indiangfx
	color = { 255  255  80 }
	icon = 3
	
	unit = east_asian_spearmen
	provinces = {
		#South East Asia
		352 407 408 420 574 579 580 581 582 583 584
		585 586 587 588 589 590 591 592 593 594
		595 596 597 598 599 600 601 602 603 604
		605 606 607 608 609 610 611 612 613 614
		615 616 617 618 619 620 621 622 623 624
		625 626 627 628 629 630 631 632 633 634
		635 636 637 638 639 640 641 642 643 644
		645 646 647 648 649 651 652 653 654 655
		656 657 658 659 716 738 907 1042 1642
		2089 2090 2091 2092 2093 2094 2095
		2096 2097 2098 2099 2100 2101 2102 2103
		2104 2105 2106 2107 2108 2109 2110 2111
		2213 2214 2215 2216 2217 2306 2317 2318
		2319 2320 2321 2322 2323 2324 2325 2326
		2393 2394 2395 2396 2397 2417 2418 2419
		2420 2421 2422 2423 2424 2425 2426 2427
		2428 2429 2430 2431 2432 2433 2434 2586
		#West India Ocean
		421 1100 1101 1102 1103 1185 1248
		#Taiwan
		2303 2304 2305
	}
}

natives_eskimo = {
	graphical_culture = inuitgfx
	color = { 127  255  255 }
	icon = 4
	
	unit = mongolian_bow
	provinces = {
		#North America
		980 981 990 991 992 993 994 995 996 997
		998 999 1000 1003 1004 1005 1006 1009
		1517 2196 2197 2198
		975 976 977 978 979 1530 2188 2189 2190
		2191 2192 2193 2194
		#Greenland
		1104
		#Asia
		2300 2301 2302
		1034 1035 1036 1037 1038 1039
		#Scandinavia
		33 277 891 1255 1266 2327
	}
}

natives_steppes = {
	graphics = muslimgfx
	color = { 255  255  80 }
	icon = 3
	
	unit = mongolian_bow
	provinces = {
		1060 1061 1062 1063
		1064 1065 1067 1068 1069 1070 1071
		1073 1074 1075 1076 1077 1078 1079 1080
		1081 1529 2152 2153 2154 2155 715
		1040 1041 1043 1044 1045 1046 1047
		1048 1049 1050 1051 1052 1053 1054 1055
		1056 1057 1058 1059 1066 2156 2157 2158
		2446 2442 2445 471 472 475 478 479 480
		723 724 727 2270 2271 1072 2441
	}
}

natives_polynesian = {
	graphical_culture = indiangfx
	color = { 255  255  80 }
	icon = 3
	
	unit = east_asian_spearmen
	provinces = {
		#Australia
		650 714 773 777 799 805 810 817 822 1084
		1085 1086 1087 1088 1089 1090 1091 1092
		1093 1094 1106 1107 1108 1109 1234 1236
		1237 1238 1239 1245 1249 1342 2088 2123
		2124 2125 2126 2127 2128 2129 2130 2131
		2132 2133 2134 2135 2136 2137 2138 2139
		2140 2141 2142 2143 2144 2145 2146 2147
		2148 2149 2150 2164
		#Islands and places like that
		506 513 1097 1230
		1231 1232 1233 1235 1240 1241 1242 1243
		1244 1246 1341 2151 2585 2588 2589 2590
		2608 2610 
	}
}

natives_southamerican = {
	graphics = northamericagfx
	color = { 0 255  0 }
	icon = 1
	
	unit = native_indian_archer
	provinces = {
		#South American
		748 749 750 751 752 753 754 755 756 757
		758 759 760 761 762 763 764 765 766 767
		768 769 1484 1485 2071 2072 2073 2074
		2075 2076 2077 2078 2079 2080 2081 2082
		2083 2084 2085 2086 2087
		782 783 784 787 792 793 795 796 797 798
		801 802 803 804 806 807 808 809 811 812
		813 814 815 816 818 819 820 1491 2069
		2066 2067 2068 2070 2338 2339 2340 2341
		2342 2343 2344 2345 2346 2347 2348
		2349 2350 2351
		741 742 743 744 745 746 747 821 823
		824 825 826 827 828 829 830 831 832 833
		1475 1476 1477 1478 1479 1480 1481 1482
		1483 1490 2065 2165
		770 771 772 774 775 776 778 779 780 781
		785 786 788 789 790 791 794 800 1095 1486
		1487 1488 2609 2752
	}
}

natives_northamerican = {
	graphics = northamericagfx
	color = { 255  0  0 }
	icon = 1
	
	unit = native_indian_archer
	provinces = {
		#North America
		890 904 906 908 909 910 911 912 939
		945 946 947 948 957 959 960 961 962 963
		964 965 966 967 968 969 970 971
		982 983 984 985 986 987 988 989 1001
		1002 1007 1008
		1010 1011 1452 1458 1489
		2159 2160 2161 2162 2168 2169 2170 2171
		2172 2177 2179 2180 2182 2183
		881 885 886 887 888 889 892 893 894 895
		896 897 898 899 900 901 902 903 905 913
		914 915 916 917 918 919 920 921 922 923
		924 925 926 927 928 929 930 931 932 933
		934 935 936 937 938 940 941 942 943 944
		949 950 951 952 953 954 955 956 958 1419
		1451 1453 1454 1455 1456 1457 1459 1460
		1461 1462 1493 1494 1663 1697
		2173 2174 2175 2176 2178 2181 2195 
		865 866 867 868 869 870 871 872 873 874
		875 876 877 878 972 973 974
		1464 1465 1466 1733 1735
		1821 1822 1823 1824 2166 2167 2184 2185
		2186 2187 2199 1336 1337 2671
	}
}

natives_maghreb = {
	graphics = muslimgfx
	color = { 180  180  80 }
	icon = 2
	
	unit = african_spearmen
	provinces = {
		#north africa
		334 335 336 337 338 339 340 341 343 344
		347 349 350 351 353 354 355 356 358 359
		360 361 362 363 366 368 1208 1210 1211
		1212 1213 1214 1338 1339 1515 1522 1523
		1524 1526 1532 1533 1534 1535 2315
		#middle east + central asia
		316 317 318 319 320 321 322 323 324 325
		326 327 328 329 330 331 332 377 416 417
		419 422 423 424 425 1300 1301 1315 1316 
		1317 1318 1319 1321 1324 1325 1326 1333
		1435 1437 1438 1439 1440 1441 1442 1443
		1444 1445 1446 1447 1449 2219 2224
		386 387 390 392 413 414 426 429 430 431
		432 433 434 435 436 437 438 439 440 441
		442 443 444 445 446 447 448 449 450 451
		452 453 454 455 456 457 458 459 460 461
		462 463 464 468 476 477 
		551 575 1313 1314 2220 2221 2222
		2223 2225 2227 2228 2229 2231 2232 2235
		364 378 379 380 382 383 384 385
		388 389 393 394 395 396 397 398 400 401
		402 404 410 411 412 415 418
		428 465 466 467 469 470 473 474 1099 1320
		1322 1327 1328 1329 1330 1331 1332 1334
		2230 2543 2559 2649 2498 2499 2538 2539
		2575 2636 2635 2634 2579 2576 2577 2581
		2551 2540 2542 2552 2553 2541 2574
		#unsorted
		405
		2654 2655 2657 2658 2659 2661 2662 2663 2664
		2724 2725 2726 2771 2772 2773 2774 2775 2776
	}
}

natives_european = {
	graphical_culture = inuitgfx
	color = { 127  255  255 }
	icon = 4
	
	unit = mongolian_bow
	provinces = {
		1 10 100 101 1012 1013 1014 1015 1016 1017 1018 1019 102
		1020 1021 1022 1023 1024 1025 1026 1027 1028 1029 103 1030
		1031 1032 1033 104 105 106 107 108 1082 1083 109 11 110
		111 112 113 114 115 116 117 118 119 12 120 121 122 123
		124 1247 125 1250 1251 1252 1253 1254 1256 1257 1258
		1259 126 1260 1261 1262 1263 1264 1265 1267 1268 1269
		127 1270 1271 1272 1273 1274 1275 1276 1277 1278 1279 128
		1280 1281 1282 1283 1284 1285 1286 1287 1288 1289 129 1290
		1291 1292 1293 1294 1295 1296 1297 1298 1299 13 130 1302
		1303 1304 1305 1306 1307 1308 1309 131 1310 1311 1312 132
		1323 133 1335 134 1343 1344 1345 1346 1347 1348
		1349 135 1350 1351 1352 1353 1354 1355 1356 1357 1358 1359
		136 1360 1361 1362 1363 1364 1365 1366 1367 1368 1369 137
		1370 1371 1372 1373 1374 1375 1376 1377 1378 1379 138 1380
		1381 1382 1383 1384 1385 1386 1387 1388 1389 139 1390 1391
		1392 1393 1394 1395 1396 1397 1398 1399 14 140 1400 1401
		1402 1403 1404 1405 1406 1407 1408 1409 141 1410 1411 1412
		1413 1414 1415 1416 1417 142 1420 1421 1422 1423 1424 1425
		1426 1427 1428 1429 143 1430 1431 1432 1433 1434 1436 144
		1448 145 1450 146 147 148 149 15 150 1508 1509 151 1510
		1511 1512 1513 1514 152 1520 153 1531 154 155 156 157 158
		1587 1588 159 16 160 161 162 163 164 165 166 167 168 169
		17 170 171 172 173 174 175 176 177 178 179 18 180 181 182
		183 184 185 186 187 188 189 19 190 191 192 193 194 195 196
		197 198 199 2 20 200 201 202 203 204 205 206 207 208 209
		21 210 211 2112 2113 2114 2115 2116 2117 2118 2119 212 2120
		2121 2122 213 214 215 216 2163 217 218 219 22 220 221 2210
		2211 2212 222 2226 223 2233 2234 2236 2237 2238 2239 224
		2240 2241 2242 2243 2244 2245 2246 2247 2248 2249 225 2250
		2251 2252 2253 2254 2255 2256 2257 2258 2259 226 2260 2261
		2262 2263 2264 2265 2266 2267 2268 2269 227 2272 2273 2274
		2275 2276 2277 2278 2279 228 2280 2281 2282 2283 2284 2285
		2286 2287 2288 2289 229 2290 2291 2292 2293 2294 2295 2296
		2297 2298 2299 23 230 2307 2308 2309 231 2310 2311 2312 2313
		2314 232 2328 2329 233 2330 2331 2332 2334 2335 2336 2337
		234 235 2353 2354 2355 2356 2357 2358 2359 236 2360 2361
		2362 2363 2364 2365 2366 2367 2368 2369 237 2370 2371 2372
		2373 2374 2375 2376 2377 2378 2379 238 2380 2381 2382 2383
		2384 2385 2386 2387 2388 2389 239 2390 2391 2392 2398 2399
		24 240 2400 2401 241 242 243 2435 2436 2437 2438 2439 244
		2440 2443 2444 245 246 247 248 249 25 250
		251 252 253 2530 2531 2532 2533 2534 2535 2536 2537
		254 2545 2546 2547 2548 2549 255 2550
		2554 2555 2556 2557 2558 256 2561 2562 2563
		2564 2565 2566 2567 2568 2569 257 2570 2571 2572 2573 2578
		258 2580 2582 2583 2584 2587
		259 26 260 2605 2606 2607 261 2611 2612 2613 2614 2615
		2616 2617 2618 2619 262 2620 2621 2622 2623 2624 2625 2626
		2627 2628 2629 263 2630 2631 2632 2633 2637
		264 265 2656 266 267 268 269 27 270 271 272 273 274 275
		276 278 279 28 280 281 282 283 284 285 286 287 288 289
		29 290 291 292 293 294 295 296 297 298 299 3 30 300 301 302
		303 304 305 306 307 308 309 31 310 311 312 313 314 315 32
		333 34 35 357 36 367 369 37 370 371 372 373 374 375 376 38 381 39
		391 399 4 40 409 41 42 427 43 44 45 46 47 48 49 5 50 503
		504 505 507 508 509 51 510 511 512 514 515 516 517 518 519
		52 520 521 522 523 524 525 526 527 528 529 53 530 531 532
		533 534 535 536 537 538 539 54 540 541 542 543 544 545 546
		547 548 549 55 550 552 553 554 555 556 557 558 559 56 560
		561 562 563 564 565 566 567 568 569 57 570 571 572 573 576
		577 578 58 59 6 60 61 62 63 64 65 66 660 661 662 663 664
		665 666 667 668 669 67 670 671 672 673 674 675 676 677 678
		679 68 680 681 682 683 684 685 686 687 688 689 69 690 691
		692 693 694 695 696 697 698 699 7 70 700 701 702 703 704
		705 706 707 708 709 71 710 711 712 713 717 718 719 72 720
		721 722 725 726 728 729 73 730 731 732 733 734 735 736 737
		739 74 740 75 76 77 78 79 8 80 81 82 83 84 85 86 87 88 89
		9 90 91 92 93 94 95 96 97 98 99
	}
}
